# Created by Octave 3.6.2, Thu May 30 22:40:31 2013 India Standard Time <unknown@KSETHIA>
# name: C
# type: scalar struct
# ndims: 2
 1 1
# length: 3
# name: nodes
# type: cell
# rows: 1
# columns: 19
# name: <cell-element>
# type: matrix
# rows: 1
# columns: 2
 3 22



# name: <cell-element>
# type: matrix
# rows: 1
# columns: 2
 8 26



# name: <cell-element>
# type: matrix
# rows: 1
# columns: 3
 1 2 3



# name: <cell-element>
# type: matrix
# rows: 1
# columns: 3
 15 20 21



# name: <cell-element>
# type: matrix
# rows: 1
# columns: 3
 4 13 27



# name: <cell-element>
# type: matrix
# rows: 1
# columns: 4
 2 4 13 14



# name: <cell-element>
# type: matrix
# rows: 1
# columns: 4
 2 4 10 13



# name: <cell-element>
# type: matrix
# rows: 1
# columns: 4
 7 8 15 21



# name: <cell-element>
# type: matrix
# rows: 1
# columns: 4
 2 8 23 24



# name: <cell-element>
# type: matrix
# rows: 1
# columns: 5
 2 7 8 24 25



# name: <cell-element>
# type: matrix
# rows: 1
# columns: 6
 6 7 8 15 16 17



# name: <cell-element>
# type: matrix
# rows: 1
# columns: 6
 2 4 8 10 11 12



# name: <cell-element>
# type: matrix
# rows: 1
# columns: 6
 7 8 16 17 18 19



# name: <cell-element>
# type: matrix
# rows: 1
# columns: 6
 2 5 7 8 9 25



# name: <cell-element>
# type: matrix
# rows: 1
# columns: 7
 2 3 4 5 9 18 19



# name: <cell-element>
# type: matrix
# rows: 1
# columns: 7
 2 4 5 8 9 11 12



# name: <cell-element>
# type: matrix
# rows: 1
# columns: 7
 2 4 5 8 9 11 17



# name: <cell-element>
# type: matrix
# rows: 1
# columns: 8
 2 4 5 8 9 17 18 19



# name: <cell-element>
# type: matrix
# rows: 1
# columns: 8
 2 5 7 8 9 17 18 19





# name: edges
# type: matrix
# rows: 19
# columns: 19
 0 0 0 0 0 0 0 0 0 0 0 0 0 0 1 0 0 0 0
 0 0 0 0 0 0 0 0 0 0 0 0 0 0 0 0 0 0 1
 0 0 0 0 0 0 0 0 0 0 0 0 0 0 1 0 0 0 0
 0 0 0 0 0 0 0 1 0 0 0 0 0 0 0 0 0 0 0
 0 0 0 0 0 0 1 0 0 0 0 0 0 0 0 0 0 0 0
 0 0 0 0 0 0 1 0 0 0 0 0 0 0 0 0 0 0 0
 0 0 0 0 1 1 0 0 0 0 0 1 0 0 0 0 0 0 0
 0 0 0 1 0 0 0 0 0 0 1 0 0 0 0 0 0 0 0
 0 0 0 0 0 0 0 0 0 1 0 0 0 0 0 0 0 0 0
 0 0 0 0 0 0 0 0 1 0 0 0 0 1 0 0 0 0 0
 0 0 0 0 0 0 0 1 0 0 0 0 1 0 0 0 0 0 0
 0 0 0 0 0 0 1 0 0 0 0 0 0 0 0 1 0 0 0
 0 0 0 0 0 0 0 0 0 0 1 0 0 0 0 0 0 0 1
 0 0 0 0 0 0 0 0 0 1 0 0 0 0 0 0 0 0 1
 1 0 1 0 0 0 0 0 0 0 0 0 0 0 0 0 0 1 0
 0 0 0 0 0 0 0 0 0 0 0 1 0 0 0 0 1 0 0
 0 0 0 0 0 0 0 0 0 0 0 0 0 0 0 1 0 1 0
 0 0 0 0 0 0 0 0 0 0 0 0 0 0 1 0 1 0 1
 0 1 0 0 0 0 0 0 0 0 0 0 1 1 0 0 0 1 0


# name: factorList
# type: struct
# ndims: 2
 1 27
# length: 3
# name: var
# type: cell
# rows: 1
# columns: 27
# name: <cell-element>
# type: scalar
2



# name: <cell-element>
# type: matrix
# rows: 1
# columns: 3
 1 3 2



# name: <cell-element>
# type: matrix
# rows: 1
# columns: 2
 3 2



# name: <cell-element>
# type: matrix
# rows: 1
# columns: 3
 4 2 3



# name: <cell-element>
# type: matrix
# rows: 1
# columns: 3
 5 3 4



# name: <cell-element>
# type: matrix
# rows: 1
# columns: 3
 6 8 7



# name: <cell-element>
# type: matrix
# rows: 1
# columns: 3
 7 9 5



# name: <cell-element>
# type: matrix
# rows: 1
# columns: 4
 8 12 11 10



# name: <cell-element>
# type: matrix
# rows: 1
# columns: 3
 9 3 4



# name: <cell-element>
# type: matrix
# rows: 1
# columns: 3
 10 13 4



# name: <cell-element>
# type: scalar
11



# name: <cell-element>
# type: matrix
# rows: 1
# columns: 3
 12 9 5



# name: <cell-element>
# type: matrix
# rows: 1
# columns: 3
 13 2 14



# name: <cell-element>
# type: matrix
# rows: 1
# columns: 3
 14 2 4



# name: <cell-element>
# type: matrix
# rows: 1
# columns: 4
 15 6 17 16



# name: <cell-element>
# type: matrix
# rows: 1
# columns: 4
 16 19 18 17



# name: <cell-element>
# type: matrix
# rows: 1
# columns: 4
 17 9 5 11



# name: <cell-element>
# type: matrix
# rows: 1
# columns: 3
 18 4 3



# name: <cell-element>
# type: matrix
# rows: 1
# columns: 3
 19 4 3



# name: <cell-element>
# type: matrix
# rows: 1
# columns: 3
 20 21 15



# name: <cell-element>
# type: matrix
# rows: 1
# columns: 3
 21 8 7



# name: <cell-element>
# type: matrix
# rows: 1
# columns: 2
 22 3



# name: <cell-element>
# type: matrix
# rows: 1
# columns: 4
 23 8 2 24



# name: <cell-element>
# type: matrix
# rows: 1
# columns: 3
 24 7 25



# name: <cell-element>
# type: matrix
# rows: 1
# columns: 3
 25 9 5



# name: <cell-element>
# type: matrix
# rows: 1
# columns: 2
 26 8



# name: <cell-element>
# type: matrix
# rows: 1
# columns: 3
 27 13 4





# name: card
# type: cell
# rows: 1
# columns: 27
# name: <cell-element>
# type: scalar
3



# name: <cell-element>
# type: matrix
# rows: 1
# columns: 3
 2 4 3



# name: <cell-element>
# type: matrix
# rows: 1
# columns: 2
 4 3



# name: <cell-element>
# type: matrix
# rows: 1
# columns: 3
 4 3 4



# name: <cell-element>
# type: matrix
# rows: 1
# columns: 3
 2 4 4



# name: <cell-element>
# type: matrix
# rows: 1
# columns: 3
 4 4 3



# name: <cell-element>
# type: matrix
# rows: 1
# columns: 3
 3 5 2



# name: <cell-element>
# type: matrix
# rows: 1
# columns: 4
 4 2 4 3



# name: <cell-element>
# type: matrix
# rows: 1
# columns: 3
 5 4 4



# name: <cell-element>
# type: matrix
# rows: 1
# columns: 3
 3 3 4



# name: <cell-element>
# type: scalar
4



# name: <cell-element>
# type: matrix
# rows: 1
# columns: 3
 2 5 2



# name: <cell-element>
# type: matrix
# rows: 1
# columns: 3
 3 3 2



# name: <cell-element>
# type: matrix
# rows: 1
# columns: 3
 2 3 4



# name: <cell-element>
# type: matrix
# rows: 1
# columns: 4
 4 4 5 2



# name: <cell-element>
# type: matrix
# rows: 1
# columns: 4
 2 2 4 5



# name: <cell-element>
# type: matrix
# rows: 1
# columns: 4
 5 5 2 4



# name: <cell-element>
# type: matrix
# rows: 1
# columns: 3
 4 4 4



# name: <cell-element>
# type: matrix
# rows: 1
# columns: 3
 2 4 4



# name: <cell-element>
# type: matrix
# rows: 1
# columns: 3
 4 4 4



# name: <cell-element>
# type: matrix
# rows: 1
# columns: 3
 4 4 3



# name: <cell-element>
# type: matrix
# rows: 1
# columns: 2
 2 4



# name: <cell-element>
# type: matrix
# rows: 1
# columns: 4
 4 4 3 4



# name: <cell-element>
# type: matrix
# rows: 1
# columns: 3
 4 3 2



# name: <cell-element>
# type: matrix
# rows: 1
# columns: 3
 2 5 2



# name: <cell-element>
# type: matrix
# rows: 1
# columns: 2
 4 4



# name: <cell-element>
# type: matrix
# rows: 1
# columns: 3
 3 3 4





# name: val
# type: cell
# rows: 1
# columns: 27
# name: <cell-element>
# type: matrix
# rows: 1
# columns: 3
 0 0.6 0



# name: <cell-element>
# type: matrix
# rows: 1
# columns: 24
 0 0 0 0 0 0 0 0 0 1 0 1 0 1 0 1 0 0 0 0 0 0 0 0



# name: <cell-element>
# type: matrix
# rows: 1
# columns: 12
 0 0 0 0 0.4 0.4 0.19 0.01 0 0 0 0



# name: <cell-element>
# type: matrix
# rows: 1
# columns: 48
 0 0 0 0 0 0 0.5 0 0 0 0 0 0 0 0 0 0 0 0.6 0 0 0 0 0 0 0 0 0 0 0 0.5 0 0 0 0 0 0 0 0 0 0 0 0.4 0 0 0 0 0



# name: <cell-element>
# type: matrix
# rows: 1
# columns: 32
 0 0 0 0 0 0 0 0 0 0 0 0 0 0 0 0 0 0.85 0 0.7 0 0.2 0 0.1 0 0 0 0 0 0 0 0



# name: <cell-element>
# type: matrix
# rows: 1
# columns: 48
 0 0 0 0 0 0 0 0 0 0 0 0 0 0 0 0 0 0 0 0 0 0 0 0 0 0 0 0 0 0 0 0 1 0 0 0 0.7 0.29 0.009998999999999999 1e-006 0.05 0.6 0.3 0.05 0.05 0.2 0.2 0.55



# name: <cell-element>
# type: matrix
# rows: 1
# columns: 30
 0 0 0 0 0 0 0 0 0 0 0 0 0 0 0 0 0 0.01 0 0 0 0 0 0.4 0 0 0.3 0 0 0.4



# name: <cell-element>
# type: matrix
# rows: 1
# columns: 96
 0 0 0 0 0.6 0.2 0.1 0.1 0 0 0 0 0.3 0.2 0.2 0.3 0 0 0 0 0.2 0.2 0.2 0.4 0 0 0 0 0.1 0.1 0.3 0.5 0 0 0 0 0.98 0.01 0.005 0.005 0 0 0 0 0.96 0.02 0.015 0.005 0 0 0 0 0.95 0.03 0.015 0.005 0 0 0 0 0.94 0.03 0.02 0.01 0 0 0 0 0.995 0.003 0.001 0.001 0 0 0 0 0.99 0.007 0.002 0.001 0 0 0 0 0.98 0.01 0.005 0.005 0 0 0 0 0.98 0.01 0.007 0.003



