Running Gradient Descent ...
ans =  32.073
x_for_feature =

   1
   1
   1
   1
   1
   1
   1
   1
   1
   1
   1
   1
   1
   1
   1
   1
   1
   1
   1
   1
   1
   1
   1
   1
   1
   1
   1
   1
   1
   1
   1
   1
   1
   1
   1
   1
   1
   1
   1
   1
   1
   1
   1
   1
   1
   1
   1
   1
   1
   1
   1
   1
   1
   1
   1
   1
   1
   1
   1
   1
   1
   1
   1
   1
   1
   1
   1
   1
   1
   1
   1
   1
   1
   1
   1
   1
   1
   1
   1
   1
   1
   1
   1
   1
   1
   1
   1
   1
   1
   1
   1
   1
   1
   1
   1
   1
   1

assumed_value =

   0
   0
   0
   0
   0
   0
   0
   0
   0
   0
   0
   0
   0
   0
   0
   0
   0
   0
   0
   0
   0
   0
   0
   0
   0
   0
   0
   0
   0
   0
   0
   0
   0
   0
   0
   0
   0
   0
   0
   0
   0
   0
   0
   0
   0
   0
   0
   0
   0
   0
   0
   0
   0
   0
   0
   0
   0
   0
   0
   0
   0
   0
   0
   0
   0
   0
   0
   0
   0
   0
   0
   0
   0
   0
   0
   0
   0
   0
   0
   0
   0
   0
   0
   0
   0
   0
   0
   0
   0
   0
   0
   0
   0
   0
   0
   0
   0

y =

   17.59200
    9.13020
   13.66200
   11.85400
    6.82330
   11.88600
    4.34830
   12.00000
    6.59870
    3.81660
    3.25220
   15.50500
    3.15510
    7.22580
    0.71618
    3.51290
    5.30480
    0.56077
    3.65180
    5.38930
    3.13860
   21.76700
    4.26300
    5.18750
    3.08250
   22.63800
   13.50100
    7.04670
   14.69200
   24.14700
   -1.22000
    5.99660
   12.13400
    1.84950
    6.54260
    4.56230
    4.11640
    3.39280
   10.11700
    5.49740
    0.55657
    3.91150
    5.38540
    2.44060
    6.73180
    1.04630
    5.13370
    1.84400
    8.00430
    1.01790
    6.75040
    1.83960
    4.28850
    4.99810
    1.42330
   -1.42110
    2.47560
    4.60420
    3.96240
    5.41410
    5.16940
   -0.74279
   17.92900
   12.05400
   17.05400
    4.88520
    5.74420
    7.77540
    1.01730
   20.99200
    6.67990
    4.02590
    1.27840
    3.34110
   -2.68070
    0.29678
    3.88450
    5.70140
    6.75260
    2.05760
    0.47953
    0.20421
    0.67861
    7.54350
    5.34360
    4.24150
    6.79810
    0.92695
    0.15200
    2.82140
    1.84510
    4.29590
    7.20290
    1.98690
    0.14454
    9.05510
    0.61705

